330
340
386
221
180
82
212
95
86
100
286
31
65
381
229
13
243
314
295
344
20
191
335
417
34
1
401
241
215
323
129
301
11
270
246
375
312
130
123
193
37
385
325
36
392
208
9
206
382
22
184
182
137
188
362
398
357
249
272
186
156
298
147
60
75
51
198
159
416
259
238
14
71
296
185
254
394
262
280
305
217
320
151
85
383
420
281
256
47
337
232
355
413
289
155
210
371
21
380
345
6
181
306
105
32
372
189
169
390
331
99
183
213
106
299
261
115
28
358
195
172
418
277
170
33
235
113
149
351
407
354
87
97
283
341
411
297
77
157
64
266
379
174
324
326
365
135
349
25
139
260
322
384
350
26
12
73
96
415
233
48
327
15
150
377
136
267
91
236
92
117
201
161
173
399
101
38
0
332
360
80
69
171
276
317
223
230
404
109
216
396
214
2
247
194
234
19
395
378
336
